code/working_folder/overland_flow_rec_int/lc1_10m_dem.asc
ncols         382
nrows         469
xllcorner     -104.72675925897
yllcorner     32.212685184295
cellsize      9.7990225000006e-05
NODATA_value  -9999
[rows 297 to 329 of 469, columns 219 to 291 of 382]
-9999 -9999 -9999 -9999 -9999 -9999 -9999 -9999 -9999 -9999 -9999 -9999 -9999 -9999 1674.524 1674.207 1673.987 1673.449 1672.649 1671.597 1669.939 1667.929 1665.979 1663.866 1661.706 1659.541 1656.597 1652.987 1649.24 1644.372 1635.719 1640.359 1646.767 1651.703 1655.575 1658.435 1660.123 1661.349 1662.551 1663.68 1664.818 1665.909 1666.859 1667.738 1668.576 1669.329 1670.118 1671.816 1672.591 1673.322 1674.021 1674.716 1675.381 1675.992 1676.601 1677.134 1677.633 1678.146 1678.678 1679.172 1679.575 1679.939 1680.281 1680.619 1681.189 1681.413 1681.583 1681.742 1681.851 1681.96 1682.052 1682.128 1682.178
-9999 -9999 -9999 -9999 -9999 -9999 -9999 -9999 -9999 -9999 -9999 -9999 -9999 -9999 1674.725 1674.651 1674.237 1673.571 1672.681 1671.607 1669.897 1667.786 1665.779 1663.67 1661.521 1659.378 1656.284 1652.6 1648.869 1644.206 1636.926 1643.012 1648.674 1653.037 1656.831 1659.305 1660.65 1661.986 1663.201 1664.405 1665.482 1666.537 1667.484 1668.298 1669.103 1669.966 1670.815 1672.325 1673.114 1673.899 1674.639 1675.333 1676.016 1676.625 1677.225 1677.824 1678.362 1678.875 1679.404 1679.906 1680.319 1680.666 1681.075 1681.379 1681.902 1682.132 1682.302 1682.463 1682.555 1682.639 1682.733 1682.787 1682.744
-9999 -9999 -9999 -9999 -9999 -9999 -9999 -9999 -9999 -9999 -9999 -9999 -9999 -9999 1675.187 1674.967 1674.438 1673.686 1672.709 1671.48 1669.686 1667.589 1665.56 1663.379 1661.128 1658.751 1655.531 1651.841 1648.115 1643.103 1639.239 1645.135 1650.167 1654.2 1657.612 1659.825 1661.163 1662.539 1663.814 1664.953 1666.083 1667.097 1667.994 1668.842 1669.74 1670.671 1671.456 1672.853 1673.622 1674.368 1675.067 1675.768 1676.444 1677.055 1677.73 1678.358 1678.958 1679.511 1680.034 1680.528 1680.95 1681.372 1681.806 1682.167 1682.672 1682.853 1683.035 1683.187 1683.212 1683.294 1683.324 1683.326 1683.326
-9999 -9999 -9999 -9999 -9999 -9999 -9999 -9999 -9999 -9999 -9999 -9999 -9999 1675.712 1675.572 1675.275 1674.728 1673.815 1672.728 1671.413 1669.533 1667.325 1665.109 1662.794 1660.608 1658.02 1654.448 1650.495 1646.238 1641.448 1641.695 1646.536 1651.278 1655.288 1658.338 1660.305 1661.675 1663.046 1664.358 1665.638 1666.733 1667.701 1668.651 1669.556 1670.427 1671.301 1672.074 1673.457 1674.224 1674.966 1675.652 1676.344 1677.038 1677.727 1678.426 1679.053 1679.664 1680.219 1680.731 1681.254 1681.748 1682.181 1682.626 1682.933 1683.373 1683.494 1683.66 1683.746 1683.738 1683.747 1683.82 1683.806 1683.727
-9999 -9999 -9999 -9999 -9999 -9999 -9999 -9999 -9999 -9999 -9999 -9999 -9999 1676.187 1675.979 1675.668 1675.04 1674.034 1672.788 1671.22 1669.173 1666.84 1664.489 1662.187 1659.884 1656.737 1652.8 1648.816 1643.957 1640.034 1643.647 1648.009 1652.671 1656.696 1659.256 1660.866 1662.29 1663.653 1664.969 1666.27 1667.277 1668.283 1669.268 1670.282 1671.209 1671.917 1672.69 1674.157 1674.885 1675.573 1676.311 1677.066 1677.762 1678.451 1679.074 1679.682 1680.287 1680.894 1681.459 1681.974 1682.506 1683.011 1683.313 1683.572 1683.903 1684.031 1684.167 1684.185 1684.256 1684.265 1684.292 1684.184 1684.038
-9999 -9999 -9999 -9999 -9999 -9999 -9999 -9999 -9999 -9999 -9999 -9999 1676.697 1676.688 1676.503 1676.161 1675.355 1674.164 1672.735 1671.047 1668.87 1666.316 1663.712 1661.274 1658.862 1655.046 1650.386 1646.19 1641.856 1640.07 1646.451 1650.196 1654.474 1658.038 1660.139 1661.506 1662.929 1664.384 1665.675 1666.813 1667.863 1668.903 1669.956 1670.931 1671.768 1672.544 1673.315 1674.789 1675.511 1676.192 1676.936 1677.697 1678.393 1679.081 1679.693 1680.293 1680.966 1681.623 1682.184 1682.708 1683.215 1683.572 1683.838 1684.103 1684.425 1684.514 1684.588 1684.583 1684.596 1684.614 1684.481 1684.342 1684.301
-9999 -9999 -9999 -9999 -9999 -9999 -9999 -9999 -9999 -9999 -9999 1677.219 1677.354 1677.118 1676.816 1676.422 1675.374 1674.153 1672.662 1670.818 1668.47 1665.642 1662.754 1660.035 1656.851 1652.603 1647.86 1643.604 1641.304 1642.652 1649.793 1653.271 1656.663 1659.164 1660.832 1662.272 1663.735 1665.09 1666.302 1667.433 1668.487 1669.525 1670.592 1671.515 1672.279 1673.061 1673.85 1675.333 1676.095 1676.821 1677.558 1678.323 1679.017 1679.703 1680.316 1680.992 1681.633 1682.239 1682.867 1683.402 1683.752 1684.092 1684.358 1684.547 1684.903 1685.009 1685 1685.009 1684.997 1684.772 1684.696 -9999 -9999
-9999 -9999 -9999 -9999 -9999 -9999 -9999 -9999 -9999 -9999 1677.656 1677.857 1677.839 1677.284 1676.832 1676.207 1675.155 1673.943 1672.463 1670.433 1667.739 1664.58 1661.477 1658.479 1654.592 1649.921 1645.666 1642.234 1642.801 1646.471 1652.875 1655.997 1658.689 1660.405 1661.761 1663.159 1664.532 1665.798 1666.917 1667.96 1669.003 1670.126 1671.168 1672.023 1672.834 1673.666 1674.369 1675.935 1676.647 1677.398 1678.149 1678.837 1679.535 1680.23 1680.923 1681.623 1682.256 1682.875 1683.423 1683.824 1684.171 1684.51 1684.779 1685.038 1685.326 1685.319 1685.329 1685.305 1685.137 -9999 -9999 -9999 -9999
-9999 -9999 -9999 -9999 -9999 -9999 -9999 -9999 -9999 1678.011 1678.174 1678.19 1678.059 1677.336 1676.758 1675.989 1674.93 1673.64 1672.078 1669.832 1666.845 1663.431 1659.984 1656.45 1652.2 1647.424 1643.883 1642.724 1645.132 1649.314 1655.902 1658.743 1660.202 1661.424 1662.801 1664.111 1665.326 1666.499 1667.541 1668.582 1669.627 1670.684 1671.619 1672.484 1673.318 1674.125 1674.974 1676.449 1677.242 1677.964 1678.703 1679.463 1680.154 1680.848 1681.545 1682.243 1682.89 1683.396 1683.828 1684.237 1684.585 1684.926 1685.195 1685.382 1685.643 1685.644 1685.588 -9999 -9999 -9999 -9999 -9999 -9999
-9999 -9999 -9999 -9999 -9999 -9999 -9999 -9999 -9999 1678.61 1678.578 1678.343 1678.001 1676.941 1676.146 1675.141 1673.99 1672.701 1671.312 1668.557 1664.797 1660.915 1657.065 1653.026 1648.711 1645.048 1644.419 1646.275 1649.898 1654.546 1660.033 1661.217 1662.416 1663.633 1664.791 1665.922 1667.018 1668.031 1668.99 1669.95 1670.9 1671.784 1672.645 1673.522 1674.362 1675.14 1675.922 1677.495 1678.205 1678.949 1679.748 1680.496 1681.207 1681.996 1682.781 1683.42 1683.899 1684.264 1684.651 1685.07 1685.398 1685.661 1685.918 1686.036 1686.106 1686.048 -9999 -9999 -9999 -9999 -9999 -9999 -9999
-9999 -9999 -9999 -9999 -9999 -9999 -9999 -9999 -9999 -9999 1678.681 1678.346 1677.916 1676.672 1675.845 1674.83 1673.645 1672.309 1670.67 1667.827 1664.122 1660.231 1656.227 1651.843 1647.382 1644.907 1645.706 1648.572 1652.67 1656.966 1661.023 1662.208 1663.35 1664.475 1665.678 1666.815 1667.805 1668.782 1669.839 1670.866 1671.668 1672.432 1673.207 1674.038 1674.88 1675.658 1676.443 1678.009 1678.724 1679.475 1680.216 1680.935 1681.725 1682.52 1683.289 1683.774 1684.191 1684.635 1685.031 1685.375 1685.709 1685.961 1686.141 1686.322 1686.188 1686.197 -9999 -9999 -9999 -9999 -9999 -9999 -9999
-9999 -9999 -9999 -9999 -9999 -9999 -9999 -9999 -9999 -9999 1678.555 1678.22 1677.66 1676.287 1675.519 1674.402 1673.015 1671.964 1670.335 1667.445 1663.797 1659.994 1655.884 1651.155 1646.842 1645.708 1647.268 1650.573 1654.607 1658.08 1661.688 1662.914 1664.135 1665.379 1666.55 1667.626 1668.666 1669.723 1670.747 1671.59 1672.299 1673.051 1673.834 1674.611 1675.392 1676.177 1676.962 1678.438 1679.204 1679.931 1680.672 1681.422 1682.162 1682.998 1683.533 1684.048 1684.509 1684.943 1685.342 1685.655 1685.913 1686.169 1686.334 1686.354 -9999 -9999 -9999 -9999 -9999 -9999 -9999 -9999 -9999
-9999 -9999 -9999 -9999 -9999 -9999 -9999 -9999 -9999 1678.635 1678.431 1677.94 1677.325 1675.636 1674.534 1673.834 1672.929 1671.908 1670.193 1667.311 1663.686 1659.936 1655.958 1651.382 1647.317 1646.607 1648.78 1652.26 1656.005 1658.91 1662.115 1663.502 1664.767 1666.142 1667.376 1668.44 1669.49 1670.56 1671.526 1672.224 1672.986 1673.71 1674.392 1675.125 1675.91 1676.696 1677.464 1678.856 1679.619 1680.344 1681.079 1681.833 1682.558 1683.298 1683.836 1684.355 1684.819 1685.193 1685.54 1685.859 1686.127 1686.357 1686.362 1686.351 -9999 -9999 -9999 -9999 -9999 -9999 -9999 -9999 -9999
-9999 -9999 -9999 -9999 -9999 -9999 -9999 -9999 1678.833 1678.54 1678.212 1677.642 1676.946 1675.26 1674.605 1673.788 1672.844 1671.898 1670.301 1667.254 1663.537 1659.986 1656.56 1652.847 1649.334 1648.861 1650.77 1653.8 1657.145 1659.622 1662.612 1664.044 1665.536 1666.89 1668.069 1669.146 1670.289 1671.386 1672.131 1672.83 1673.52 1674.284 1675.015 1675.694 1676.427 1677.191 1677.893 1679.376 1680.063 1680.759 1681.446 1682.183 1682.939 1683.519 1684.034 1684.557 1685.022 1685.399 1685.747 1686.071 1686.31 1686.439 1686.372 -9999 -9999 -9999 -9999 -9999 -9999 -9999 -9999 -9999 -9999
-9999 -9999 -9999 -9999 -9999 -9999 -9999 1679.398 1678.988 1678.505 1677.961 1677.344 1676.627 1675.268 1674.57 1673.795 1672.87 1671.918 1670.385 1667.438 1663.816 1660.32 1657.286 1654.537 1651.813 1651.651 1653.249 1655.543 1657.89 1659.857 1663.067 1664.645 1666.151 1667.488 1668.673 1669.889 1671.01 1671.863 1672.644 1673.43 1674.15 1674.839 1675.533 1676.226 1676.948 1677.697 1678.393 1679.779 1680.476 1681.171 1681.87 1682.609 1683.316 1683.817 1684.26 1684.765 1685.221 1685.593 1685.95 1686.248 1686.352 1686.347 -9999 -9999 -9999 -9999 -9999 -9999 -9999 -9999 -9999 -9999 -9999
-9999 -9999 -9999 -9999 -9999 -9999 1679.554 1679.345 1678.927 1678.421 1677.889 1677.201 1676.665 1675.476 1674.703 1673.828 1672.946 1672.004 1670.564 1667.648 1664.08 1660.656 1657.709 1655.696 1654.488 1654.021 1655.406 1656.874 1658.402 1660.165 1663.543 1665.123 1666.715 1668.012 1669.289 1670.59 1671.617 1672.379 1673.175 1673.944 1674.733 1675.452 1676.141 1676.847 1677.502 1678.111 1678.797 1680.193 1680.888 1681.588 1682.355 1683.033 1683.514 1684.039 1684.554 1684.998 1685.358 1685.699 1686.063 1686.316 1686.358 1686.333 -9999 -9999 -9999 -9999 -9999 -9999 -9999 -9999 -9999 -9999 -9999
-9999 -9999 -9999 -9999 1679.842 1679.777 1679.634 1679.347 1678.913 1678.453 1677.928 1677.242 1676.728 1675.502 1674.702 1673.87 1672.935 1671.989 1670.71 1667.933 1664.426 1661.014 1658.103 1656.22 1655.251 1655.131 1656.752 1657.986 1659.086 1660.632 1663.886 1665.483 1667.105 1668.5 1669.828 1671.042 1672.038 1672.918 1673.751 1674.466 1675.241 1675.959 1676.651 1677.345 1677.997 1678.596 1679.212 1680.605 1681.297 1682.062 1682.822 1683.396 1683.83 1684.328 1684.764 1685.199 1685.57 1685.923 1686.224 1686.359 -9999 -9999 -9999 -9999 -9999 -9999 -9999 -9999 -9999 -9999 -9999 -9999 -9999
-9999 -9999 -9999 1680.243 1680.095 1679.995 1679.814 1679.508 1679.096 1678.563 1678.005 1677.346 1676.758 1675.499 1674.67 1673.789 1672.925 1671.992 1670.827 1668.133 1664.596 1661.216 1658.497 1656.742 1655.764 1655.88 1657.017 1658.177 1659.488 1661.095 1664.463 1666.093 1667.575 1668.985 1670.401 1671.541 1672.471 1673.393 1674.186 1674.973 1675.737 1676.464 1677.171 1677.817 1678.416 1679.022 1679.644 1681.019 1681.712 1682.467 1683.16 1683.677 1684.107 1684.549 1684.968 1685.405 1685.777 1686.14 1686.304 1686.254 -9999 -9999 -9999 -9999 -9999 -9999 -9999 -9999 -9999 -9999 -9999 -9999 -9999
-9999 -9999 1680.78 1680.653 1680.453 1680.242 1680.002 1679.655 1679.192 1678.656 1678.04 1677.43 1676.818 1675.52 1674.682 1673.824 1672.898 1671.955 1670.697 1668.028 1664.608 1661.414 1658.817 1656.945 1655.925 1656.208 1657.241 1658.412 1659.885 1661.549 1665.024 1666.608 1668.073 1669.48 1670.832 1671.94 1672.878 1673.818 1674.679 1675.458 1676.193 1676.974 1677.714 1678.36 1678.967 1679.567 1680.134 1681.407 1682.105 1682.815 1683.412 1683.864 1684.324 1684.834 1685.208 1685.615 1685.992 1686.256 1686.367 -9999 -9999 -9999 -9999 -9999 -9999 -9999 -9999 -9999 -9999 -9999 -9999 -9999 -9999
-9999 1681.314 1681.132 1681.009 1680.784 1680.488 1680.168 1679.78 1679.286 1678.725 1678.15 1677.547 1676.914 1675.512 1674.689 1673.804 1672.794 1671.801 1670.304 1667.691 1664.52 1661.395 1658.762 1656.964 1655.98 1656.278 1657.348 1658.652 1660.192 1661.961 1665.488 1667.085 1668.488 1669.907 1671.237 1672.331 1673.285 1674.229 1675.107 1675.918 1676.82 1677.668 1678.364 1678.983 1679.582 1680.102 1680.562 1681.747 1682.407 1683.109 1683.658 1684.072 1684.552 1685.069 1685.491 1685.842 1686.213 -9999 -9999 -9999 -9999 -9999 -9999 -9999 -9999 -9999 -9999 -9999 -9999 -9999 -9999 -9999 -9999
1681.875 1681.758 1681.554 1681.377 1681.111 1680.775 1680.394 1679.918 1679.327 1678.719 1678.166 1677.539 1676.853 1675.404 1674.63 1673.629 1672.65 1671.629 1669.942 1667.242 1664.178 1661.118 1658.506 1656.873 1656.008 1656.365 1657.557 1658.98 1660.634 1662.554 1666.123 1667.524 1668.923 1670.393 1671.619 1672.701 1673.743 1674.714 1675.671 1676.608 1677.577 1678.447 1679.067 1679.62 1680.134 1680.573 1681.099 1682.194 1682.788 1683.353 1683.853 1684.338 1684.873 1685.351 1685.699 -9999 -9999 -9999 -9999 -9999 -9999 -9999 -9999 -9999 -9999 -9999 -9999 -9999 -9999 -9999 -9999 -9999 -9999
1682.303 1682.215 1681.921 1681.654 1681.334 1680.97 1680.512 1679.934 1679.316 1678.702 1678.051 1677.319 1676.581 1675.114 1674.308 1673.399 1672.453 1671.481 1669.565 1666.746 1663.69 1660.697 1658.212 1656.72 1656.064 1656.556 1657.844 1659.491 1661.362 1663.393 1666.864 1668.16 1669.479 1670.849 1672.078 1673.216 1674.336 1675.383 1676.389 1677.47 1678.391 1679.117 1679.726 1680.27 1680.76 1681.233 1681.713 1682.722 1683.244 1683.677 1684.134 1684.646 1685.131 1685.548 -9999 -9999 -9999 -9999 -9999 -9999 -9999 -9999 -9999 -9999 -9999 -9999 -9999 -9999 -9999 -9999 -9999 -9999 -9999
1682.939 1682.611 1682.262 1681.909 1681.498 1681.031 1680.532 1679.976 1679.366 1678.745 1678.01 1677.221 1676.394 1674.765 1673.905 1673.08 1672.221 1671.298 1669.075 1666.032 1662.865 1659.969 1657.747 1656.487 1656.186 1657.095 1658.552 1660.404 1662.475 1664.55 1667.757 1669.019 1670.238 1671.465 1672.7 1673.898 1675.053 1676.17 1677.268 1678.36 1679.163 1679.837 1680.419 1680.949 1681.464 1681.94 1682.371 1683.265 1683.672 1684.094 1684.535 1684.951 -9999 -9999 -9999 -9999 -9999 -9999 -9999 -9999 -9999 -9999 -9999 -9999 -9999 -9999 -9999 -9999 -9999 -9999 -9999 -9999 -9999
1683.484 1683.074 1682.68 1682.303 1681.766 1681.209 1680.67 1680.088 1679.476 1678.803 1677.98 1677.191 1676.338 1674.596 1673.72 1672.792 1671.862 1670.759 1668.201 1664.977 1661.749 1659.045 1657.226 1656.357 1656.596 1657.926 1659.894 1662.044 1664.269 1666.208 1668.901 1670.127 1671.239 1672.35 1673.51 1674.731 1675.921 1677.073 1678.228 1679.182 1679.974 1680.639 1681.232 1681.786 1682.278 1682.699 1683.094 1683.798 1684.138 1684.521 1684.932 1685.307 -9999 -9999 -9999 -9999 -9999 -9999 -9999 -9999 -9999 -9999 -9999 -9999 -9999 -9999 -9999 -9999 -9999 -9999 -9999 -9999 -9999
1683.891 1683.534 1683.092 1682.519 1681.907 1681.379 1680.799 1680.154 1679.495 1678.682 1677.809 1676.986 1676.143 1674.243 1673.257 1672.303 1671.308 1669.525 1666.742 1663.553 1660.419 1658.037 1656.711 1656.469 1657.628 1659.475 1661.885 1664.448 1666.611 1668.163 1670.419 1671.385 1672.33 1673.433 1674.567 1675.731 1676.895 1678.04 1679.15 1680.047 1680.87 1681.568 1682.165 1682.669 1683.073 1683.424 1683.753 1684.312 1684.625 1684.956 1685.302 1685.653 -9999 -9999 -9999 -9999 -9999 -9999 -9999 -9999 -9999 -9999 -9999 -9999 -9999 -9999 -9999 -9999 -9999 -9999 -9999 -9999 -9999
1684.301 1683.942 1683.449 1682.764 1682.052 1681.376 1680.644 1680.019 1679.467 1678.596 1677.677 1676.652 1675.713 1673.734 1672.685 1671.66 1670.344 1667.938 1664.925 1661.75 1659.001 1657.156 1656.698 1657.84 1660.014 1662.497 1665.081 1667.488 1669.253 1670.37 1671.934 1672.612 1673.506 1674.574 1675.708 1676.813 1677.925 1679.038 1680.058 1681.026 1681.915 1682.582 1683.107 1683.482 1683.761 1684.06 1684.365 1684.84 1685.082 1685.41 1685.745 -9999 -9999 -9999 -9999 -9999 -9999 -9999 -9999 -9999 -9999 -9999 -9999 -9999 -9999 -9999 -9999 -9999 -9999 -9999 -9999 -9999 -9999
1685.092 1684.518 1683.852 1683.087 1682.063 1681.083 1680.261 1679.435 1678.361 1677.124 1676.283 1675.313 1674.556 1672.279 1671.081 1669.427 1666.881 1663.905 1660.626 1658.135 1656.83 1657.634 1660.656 1664.73 1668.591 1670.454 1671.621 1672.22 1672.669 1673.222 1674.428 1675.128 1675.94 1677.005 1678.006 1678.973 1679.998 1681.05 1682.076 1682.946 1683.601 1684.05 1684.485 1684.828 1685.072 1685.333 1685.578 1685.965 1686.141 1686.375 -9999 -9999 -9999 -9999 -9999 -9999 -9999 -9999 -9999 -9999 -9999 -9999 -9999 -9999 -9999 -9999 -9999 -9999 -9999 -9999 -9999 -9999 -9999
1685.376 1684.665 1683.907 1683.024 1681.868 1680.819 1679.879 1678.992 1678.028 1676.734 1675.506 1674.443 1673.529 1671.358 1669.708 1667.271 1664.643 1662.071 1659.151 1657.224 1657.681 1660.596 1665.036 1669.243 1671.43 1672.191 1672.706 1673.275 1673.818 1674.344 1675.537 1676.24 1677.063 1678.144 1679.048 1679.881 1680.855 1681.938 1682.945 1683.651 1684.163 1684.646 1685.108 1685.438 1685.681 1685.949 1686.201 1686.541 1686.719 1686.889 -9999 -9999 -9999 -9999 -9999 -9999 -9999 -9999 -9999 -9999 -9999 -9999 -9999 -9999 -9999 -9999 -9999 -9999 -9999 -9999 -9999 -9999 -9999
1685.202 1684.544 1683.693 1682.7 1681.506 1680.38 1679.305 1678.117 1676.966 1675.99 1674.815 1673.692 1672.593 1670.583 1669.33 1666.837 1662.909 1660.597 1659.206 1659.206 1661.155 1664.946 1669.029 1671.531 1672.382 1673.036 1673.708 1674.291 1674.812 1675.353 1676.554 1677.271 1678.202 1679.061 1679.844 1680.666 1681.598 1682.609 1683.502 1684.093 1684.661 1685.201 1685.67 1686.035 1686.315 1686.556 1686.764 1687.112 1687.247 1687.351 -9999 -9999 -9999 -9999 -9999 -9999 -9999 -9999 -9999 -9999 -9999 -9999 -9999 -9999 -9999 -9999 -9999 -9999 -9999 -9999 -9999 -9999 -9999
1685.016 1684.282 1683.389 1682.185 1680.956 1679.697 1678.563 1677.351 1675.974 1674.917 1674.049 1672.936 1671.839 1669.873 1668.464 1666.131 1663.138 1661.142 1661.655 1663.378 1665.856 1668.96 1671.374 1672.378 1673.201 1673.953 1674.61 1675.201 1675.728 1676.288 1677.542 1678.318 1679.12 1679.823 1680.516 1681.315 1682.256 1683.15 1683.834 1684.499 1685.117 1685.659 1686.12 1686.504 1686.856 1687.114 1687.219 1687.568 1687.688 1687.646 -9999 -9999 -9999 -9999 -9999 -9999 -9999 -9999 -9999 -9999 -9999 -9999 -9999 -9999 -9999 -9999 -9999 -9999 -9999 -9999 -9999 -9999 -9999
1684.634 1683.73 1682.859 1681.533 1680.205 1678.903 1677.734 1676.581 1675.289 1674.087 1673.045 1672.034 1671.072 1669.435 1668.092 1666.22 1665.625 1665.38 1666.115 1667.809 1669.671 1671.187 1672.255 1673.099 1674.043 1674.837 1675.438 1676.039 1676.641 1677.199 1678.41 1679.071 1679.642 1680.313 1681.049 1681.919 1682.848 1683.616 1684.213 1684.853 1685.466 1686.008 1686.464 1686.855 1687.154 1687.371 1687.567 1687.933 1687.947 1687.875 1687.831 -9999 -9999 -9999 -9999 -9999 -9999 -9999 -9999 -9999 -9999 -9999 -9999 -9999 -9999 -9999 -9999 -9999 -9999 -9999 -9999 -9999 -9999
1684.121 1683.247 1682.027 1680.645 1679.328 1677.936 1676.51 1675.328 1674.289 1673.069 1671.982 1671.055 1670.405 1668.86 1668.178 1668.236 1668.728 1669.042 1669.739 1670.617 1671.484 1672.235 1672.999 1673.864 1674.601 1675.338 1676.22 1676.85 1677.412 1677.986 1678.977 1679.529 1680.108 1680.793 1681.502 1682.401 1683.256 1683.875 1684.482 1685.091 1685.701 1686.241 1686.759 1687.14 1687.383 1687.599 1687.803 1688.053 1688.029 1687.976 1687.949 -9999 -9999 -9999 -9999 -9999 -9999 -9999 -9999 -9999 -9999 -9999 -9999 -9999 -9999 -9999 -9999 -9999 -9999 -9999 -9999 -9999 -9999
1683.465 1682.49 1681.116 1679.665 1678.29 1676.775 1675.306 1674.102 1672.995 1671.846 1670.935 1670.241 1669.695 1668.529 1669.106 1670.094 1670.353 1670.797 1671.364 1671.845 1672.337 1672.997 1673.752 1674.559 1675.442 1676.059 1676.74 1677.36 1678.022 1678.657 1679.542 1680.008 1680.624 1681.26 1681.926 1682.735 1683.484 1684.072 1684.682 1685.297 1685.912 1686.448 1686.937 1687.318 1687.601 1687.88 1688.083 1688.111 1688.144 1688.082 -9999 -9999 -9999 -9999 -9999 -9999 -9999 -9999 -9999 -9999 -9999 -9999 -9999 -9999 -9999 -9999 -9999 -9999 -9999 -9999 -9999 -9999 -9999
